stage_0.n5s         8    8 0xfffe [2, 2, 3, 0, 1]   26    7     6678   1464    0
stage_1.n5s         4    8 0xfffe [2, 2, 3, 0, 1]   25    8    15643   1414    0
stage_10.n5s        8    8 0xfffe [1, 3, 3, 0, 1]   23   25     8842   1344    0
stage_12.n5s        8    9 0xffff [2, 4, 1, 1, 1]   29    6     5551   1628    0
stage_15.n5s        8    9 0xfffe [2, 5, 1, 1, 0]   27    9    17880   1530    0
stage_16.n5s        8    8 0xfffe [2, 5, 0, 1, 0]   21    8    19988   1206    0
stage_17.n5s       13    8 0xfffe [2, 5, 0, 1, 0]   25    7     8984   1412    0
stage_19.n5s        8    8 0xfffe [2, 2, 3, 0, 1]   30    8    10111   1674    0
stage_20.n5s        8    8 0xfffe [2, 4, 1, 0, 1]   28    7    18057   1568    0
stage_22.n5s        8    8 0xfffe [2, 2, 3, 0, 1]   25    7     8016   1412    0
stage_23.n5s        4    8 0xfffe [2, 2, 3, 0, 1]   25    8    13312   1414    0
stage_25.n5s        8    8 0xfffe [1, 3, 3, 0, 1]   23   26     8651   1346    0
stage_26.n5s        9    9 0xffff [2, 6, 0, 1, 0]   29    6     8483   1628    0
stage_26_s.n5s      8    9 0xffff [2, 6, 0, 1, 0]   31   27     5354   1774    0
stage_28.n5s        8    9 0xffff [2, 4, 1, 1, 1]   29    6     7945   1628    0
stage_3.n5s         8    8 0xfffe [2, 2, 3, 0, 1]   30    8    14399   1674    0
stage_4.n5s         8    8 0xfffe [2, 4, 1, 0, 1]   28    7    20155   1568    0
stage_6.n5s        13    8 0xfffe [2, 5, 0, 1, 0]   25    7     9534   1412    0
stage_7.n5s         8    8 0xfffe [2, 5, 0, 1, 0]   21    9    19917   1208    0
stage_9.n5s         9    9 0xffff [2, 6, 0, 1, 0]   29    6     8860   1628    0
stage_9_s.n5s       8    9 0xffff [2, 6, 0, 1, 0]   31   12     2335   1744    0